================================================================================
№     Дата/время                Температура (°C) Осадки (мм)    
--------------------------------------------------------------------------------
1     2026-05-04T00:00          10,6            0,00           
2     2026-05-04T01:00          10,4            0,00           
3     2026-05-04T02:00          10,1            0,00           
4     2026-05-04T03:00          9,6             0,00           
5     2026-05-04T04:00          9,1             0,00           
6     2026-05-04T05:00          8,8             0,00           
7     2026-05-04T06:00          10,1            0,00           
8     2026-05-04T07:00          11,6            0,00           
9     2026-05-04T08:00          13,8            0,00           
10    2026-05-04T09:00          16,8            0,00           
11    2026-05-04T10:00          18,8            0,00           
12    2026-05-04T11:00          20,6            0,00           
13    2026-05-04T12:00          21,8            0,00           
14    2026-05-04T13:00          23,0            0,00           
15    2026-05-04T14:00          23,0            0,00           
16    2026-05-04T15:00          23,3            0,00           
17    2026-05-04T16:00          23,1            0,00           
18    2026-05-04T17:00          22,4            0,00           
19    2026-05-04T18:00          22,4            0,00           
20    2026-05-04T19:00          21,3            0,00           
21    2026-05-04T20:00          18,3            0,00           
22    2026-05-04T21:00          17,0            0,00           
23    2026-05-04T22:00          15,8            0,00           
24    2026-05-04T23:00          15,2            0,00           
================================================================================
